Epoch 0 loss 0.466397
Epoch 100 loss 0.126497
Epoch 200 loss 0.081616
Epoch 300 loss 0.052540
Epoch 400 loss 0.038291
Epoch 500 loss 0.030948
Epoch 600 loss 0.028447
Epoch 700 loss 0.024990
Epoch 800 loss 0.022425
Epoch 900 loss 0.020307

Label: 5
  0  0  0  0  0  0  0  0  0  0  0  0  0  0  0  0  0  0  0  0  0  0  0  0  0  0  0  0
  0  0  0  0  0  0  0  0  0  0  0  0  0  0  0  0  0  0  0  0  0  0  0  0  0  0  0  0
  0  0  0  0  0  0  0  0  0  0  0  0  0  0  0  0  0  0  0  0  0  0  0  0  0  0  0  0
  0  0  0  0  0  0  0  0  0  0  0  0  0  0  0  0  0  0  0  0  0  0  0  0  0  0  0  0
  0  0  0  0  0  0  0  0  0  0  0  0  0  0  0  0  0  0  0  0  0  0  0  0  0  0  0  0
  0  0  0  0  0  0  0  0  0  0  0  0  3 18 18 18126136175 26166255247127  0  0  0  0
  0  0  0  0  0  0  0  0 30 36 94154170253253253253253225172253242195 64  0  0  0  0
  0  0  0  0  0  0  0 49238253253253253253253253253251 93 82 82 56 39  0  0  0  0  0
  0  0  0  0  0  0  0 18219253253253253253198182247241  0  0  0  0  0  0  0  0  0  0
  0  0  0  0  0  0  0  0 80156107253253205 11  0 43154  0  0  0  0  0  0  0  0  0  0
  0  0  0  0  0  0  0  0  0 14  1154253 90  0  0  0  0  0  0  0  0  0  0  0  0  0  0
  0  0  0  0  0  0  0  0  0  0  0139253190  2  0  0  0  0  0  0  0  0  0  0  0  0  0
  0  0  0  0  0  0  0  0  0  0  0 11190253 70  0  0  0  0  0  0  0  0  0  0  0  0  0
  0  0  0  0  0  0  0  0  0  0  0  0 35241225160108  1  0  0  0  0  0  0  0  0  0  0
  0  0  0  0  0  0  0  0  0  0  0  0  0 81240253253119 25  0  0  0  0  0  0  0  0  0
  0  0  0  0  0  0  0  0  0  0  0  0  0  0 45186253253150 27  0  0  0  0  0  0  0  0
  0  0  0  0  0  0  0  0  0  0  0  0  0  0  0 16 93252253187  0  0  0  0  0  0  0  0
  0  0  0  0  0  0  0  0  0  0  0  0  0  0  0  0  0249253249 64  0  0  0  0  0  0  0
  0  0  0  0  0  0  0  0  0  0  0  0  0  0 46130183253253207  2  0  0  0  0  0  0  0
  0  0  0  0  0  0  0  0  0  0  0  0 39148229253253253250182  0  0  0  0  0  0  0  0
  0  0  0  0  0  0  0  0  0  0 24114221253253253253201 78  0  0  0  0  0  0  0  0  0
  0  0  0  0  0  0  0  0 23 66213253253253253198 81  2  0  0  0  0  0  0  0  0  0  0
  0  0  0  0  0  0 18171219253253253253195 80  9  0  0  0  0  0  0  0  0  0  0  0  0
  0  0  0  0 55172226253253253253244133 11  0  0  0  0  0  0  0  0  0  0  0  0  0  0
  0  0  0  0136253253253212135132 16  0  0  0  0  0  0  0  0  0  0  0  0  0  0  0  0
  0  0  0  0  0  0  0  0  0  0  0  0  0  0  0  0  0  0  0  0  0  0  0  0  0  0  0  0
  0  0  0  0  0  0  0  0  0  0  0  0  0  0  0  0  0  0  0  0  0  0  0  0  0  0  0  0
  0  0  0  0  0  0  0  0  0  0  0  0  0  0  0  0  0  0  0  0  0  0  0  0  0  0  0  0
0.017977 0.000041 0.000102 0.177099 0.000132 0.801326 0.000004 0.000030 0.000129 0.006721
Label: 0
  0  0  0  0  0  0  0  0  0  0  0  0  0  0  0  0  0  0  0  0  0  0  0  0  0  0  0  0
  0  0  0  0  0  0  0  0  0  0  0  0  0  0  0  0  0  0  0  0  0  0  0  0  0  0  0  0
  0  0  0  0  0  0  0  0  0  0  0  0  0  0  0  0  0  0  0  0  0  0  0  0  0  0  0  0
  0  0  0  0  0  0  0  0  0  0  0  0  0  0  0  0  0  0  0  0  0  0  0  0  0  0  0  0
  0  0  0  0  0  0  0  0  0  0  0  0  0  0  0 51159253159 50  0  0  0  0  0  0  0  0
  0  0  0  0  0  0  0  0  0  0  0  0  0  0 48238252252252237  0  0  0  0  0  0  0  0
  0  0  0  0  0  0  0  0  0  0  0  0  0 54227253252239233252 57  6  0  0  0  0  0  0
  0  0  0  0  0  0  0  0  0  0  0 10 60224252253252202 84252253122  0  0  0  0  0  0
  0  0  0  0  0  0  0  0  0  0  0163252252252253252252 96189253167  0  0  0  0  0  0
  0  0  0  0  0  0  0  0  0  0 51238253253190114253228 47 79255168  0  0  0  0  0  0
  0  0  0  0  0  0  0  0  0 48238252252179 12 75121 21  0  0253243 50  0  0  0  0  0
  0  0  0  0  0  0  0  0 38165253233208 84  0  0  0  0  0  0253252165  0  0  0  0  0
  0  0  0  0  0  0  0  7178252240 71 19 28  0  0  0  0  0  0253252195  0  0  0  0  0
  0  0  0  0  0  0  0 57252252 63  0  0  0  0  0  0  0  0  0253252195  0  0  0  0  0
  0  0  0  0  0  0  0198253190  0  0  0  0  0  0  0  0  0  0255253196  0  0  0  0  0
  0  0  0  0  0  0 76246252112  0  0  0  0  0  0  0  0  0  0253252148  0  0  0  0  0
  0  0  0  0  0  0 85252230 25  0  0  0  0  0  0  0  0  7135253186 12  0  0  0  0  0
  0  0  0  0  0  0 85252223  0  0  0  0  0  0  0  0  7131252225 71  0  0  0  0  0  0
  0  0  0  0  0  0 85252145  0  0  0  0  0  0  0 48165252173  0  0  0  0  0  0  0  0
  0  0  0  0  0  0 86253225  0  0  0  0  0  0114238253162  0  0  0  0  0  0  0  0  0
  0  0  0  0  0  0 85252249146 48 29 85178225253223167 56  0  0  0  0  0  0  0  0  0
  0  0  0  0  0  0 85252252252229215252252252196130  0  0  0  0  0  0  0  0  0  0  0
  0  0  0  0  0  0 28199252252253252252233145  0  0  0  0  0  0  0  0  0  0  0  0  0
  0  0  0  0  0  0  0 25128252253252141 37  0  0  0  0  0  0  0  0  0  0  0  0  0  0
  0  0  0  0  0  0  0  0  0  0  0  0  0  0  0  0  0  0  0  0  0  0  0  0  0  0  0  0
  0  0  0  0  0  0  0  0  0  0  0  0  0  0  0  0  0  0  0  0  0  0  0  0  0  0  0  0
  0  0  0  0  0  0  0  0  0  0  0  0  0  0  0  0  0  0  0  0  0  0  0  0  0  0  0  0
  0  0  0  0  0  0  0  0  0  0  0  0  0  0  0  0  0  0  0  0  0  0  0  0  0  0  0  0
0.999775 0.000003 0.001273 0.000123 0.000075 0.002533 0.000053 0.000045 0.000302 0.000046
Label: 4
  0  0  0  0  0  0  0  0  0  0  0  0  0  0  0  0  0  0  0  0  0  0  0  0  0  0  0  0
  0  0  0  0  0  0  0  0  0  0  0  0  0  0  0  0  0  0  0  0  0  0  0  0  0  0  0  0
  0  0  0  0  0  0  0  0  0  0  0  0  0  0  0  0  0  0  0  0  0  0  0  0  0  0  0  0
  0  0  0  0  0  0  0  0  0  0  0  0  0  0  0  0  0  0  0  0  0  0  0  0  0  0  0  0
  0  0  0  0  0  0  0  0  0  0  0  0  0  0  0  0  0  0  0  0  0  0  0  0  0  0  0  0
  0  0  0  0  0  0  0  0  0  0  0  0  0  0  0  0  0  0  0  0 67232 39  0  0  0  0  0
  0  0  0  0 62 81  0  0  0  0  0  0  0  0  0  0  0  0  0  0120180 39  0  0  0  0  0
  0  0  0  0126163  0  0  0  0  0  0  0  0  0  0  0  0  0  2153210 40  0  0  0  0  0
  0  0  0  0220163  0  0  0  0  0  0  0  0  0  0  0  0  0 27254162  0  0  0  0  0  0
  0  0  0  0222163  0  0  0  0  0  0  0  0  0  0  0  0  0183254125  0  0  0  0  0  0
  0  0  0 46245163  0  0  0  0  0  0  0  0  0  0  0  0  0198254 56  0  0  0  0  0  0
  0  0  0120254163  0  0  0  0  0  0  0  0  0  0  0  0 23231254 29  0  0  0  0  0  0
  0  0  0159254120  0  0  0  0  0  0  0  0  0  0  0  0163254216 16  0  0  0  0  0  0
  0  0  0159254 67  0  0  0  0  0  0  0  0  0 14 86178248254 91  0  0  0  0  0  0  0
  0  0  0159254 85  0  0  0 47 49116144150241243234179241252 40  0  0  0  0  0  0  0
  0  0  0150253237207207207253254250240198143 91 28  5233250  0  0  0  0  0  0  0  0
  0  0  0  0119177177177177177 98 56  0  0  0  0  0102254220  0  0  0  0  0  0  0  0
  0  0  0  0  0  0  0  0  0  0  0  0  0  0  0  0  0169254137  0  0  0  0  0  0  0  0
  0  0  0  0  0  0  0  0  0  0  0  0  0  0  0  0  0169254 57  0  0  0  0  0  0  0  0
  0  0  0  0  0  0  0  0  0  0  0  0  0  0  0  0  0169254 57  0  0  0  0  0  0  0  0
  0  0  0  0  0  0  0  0  0  0  0  0  0  0  0  0  0169255 94  0  0  0  0  0  0  0  0
  0  0  0  0  0  0  0  0  0  0  0  0  0  0  0  0  0169254 96  0  0  0  0  0  0  0  0
  0  0  0  0  0  0  0  0  0  0  0  0  0  0  0  0  0169254153  0  0  0  0  0  0  0  0
  0  0  0  0  0  0  0  0  0  0  0  0  0  0  0  0  0169255153  0  0  0  0  0  0  0  0
  0  0  0  0  0  0  0  0  0  0  0  0  0  0  0  0  0 96254153  0  0  0  0  0  0  0  0
  0  0  0  0  0  0  0  0  0  0  0  0  0  0  0  0  0  0  0  0  0  0  0  0  0  0  0  0
  0  0  0  0  0  0  0  0  0  0  0  0  0  0  0  0  0  0  0  0  0  0  0  0  0  0  0  0
  0  0  0  0  0  0  0  0  0  0  0  0  0  0  0  0  0  0  0  0  0  0  0  0  0  0  0  0
0.002915 0.000014 0.027354 0.001333 0.923851 0.000022 0.000291 0.000012 0.000003 0.000000